1: 
[[ 0.49015129]],[[ 0.94905544]],[[ 0.97773604]]
2: 
[[ 0.77009744]],[[ 0.89819529]],[[ 0.9329964]]
3: 
[[ 0.87585956]],[[ 0.76869941]],[[ 0.8339791]]
4: 
[[ 0.3055912]],[[ 0.59673676]],[[ 0.801272]]
5: 
[[ 0.56722565]],[[ 0.91692804]],[[ 0.94877468]]
6: 
[[ 0.69851456]],[[ 0.88119749]],[[ 0.95034882]]
7: 
[[ 0.54475105]],[[ 0.98307107]],[[ 0.90150841]]
8: 
[[ 0.93155458]],[[ 0.29442799]],[[ 0.9422692]]
9: 
[[ 0.87971004]],[[ 0.91929944]],[[ 0.80137849]]
10: 
[[ 0.89721513]],[[ 0.94574257]],[[ 0.75148212]]
11: 
[[ 0.94432383]],[[ 0.57581264]],[[ 0.92550083]]
12: 
[[ 0.83004828]],[[ 0.06524958]],[[ 0.92200815]]
13: 
[[ 0.49496616]],[[-0.34561505]],[[ 0.12852647]]
14: 
[[ 0.22856485]],[[ 0.54204879]],[[-0.46560841]]
15: 
[[-0.71565422]],[[-0.59496439]],[[ 0.83045719]]
16: 
[[ 0.91792687]],[[ 0.9485768]],[[ 0.93605974]]
17: 
[[ 0.64433453]],[[ 0.51546728]],[[ 0.61975063]]
18: 
[[ 0.89998791]],[[ 0.8994347]],[[ 0.91501837]]
19: 
[[ 0.3087655]],[[ 0.43390028]],[[ 0.40732968]]
20: 
[[ 0.71152524]],[[ 0.7214057]],[[ 0.75909706]]
21: 
[[ 0.81155465]],[[ 0.79449815]],[[ 0.74989641]]
1: 
[[ 0.49015129]],[[ 0.94905544]],[[ 0.97773604]]
2: 
[[ 0.77009744]],[[ 0.89819529]],[[ 0.9329964]]
3: 
[[ 0.87585956]],[[ 0.76869941]],[[ 0.8339791]]
4: 
[[ 0.3055912]],[[ 0.59673676]],[[ 0.801272]]
5: 
[[ 0.56722565]],[[ 0.91692804]],[[ 0.94877468]]
6: 
[[ 0.69851456]],[[ 0.88119749]],[[ 0.95034882]]
7: 
[[ 0.54475105]],[[ 0.98307107]],[[ 0.90150841]]
8: 
[[ 0.93155458]],[[ 0.29442799]],[[ 0.9422692]]
9: 
[[ 0.87971004]],[[ 0.91929944]],[[ 0.80137849]]
10: 
[[ 0.89721513]],[[ 0.94574257]],[[ 0.75148212]]
11: 
[[ 0.94432383]],[[ 0.57581264]],[[ 0.92550083]]
12: 
[[ 0.83004828]],[[ 0.06524958]],[[ 0.92200815]]
13: 
[[ 0.49496616]],[[-0.34561505]],[[ 0.12852647]]
14: 
[[ 0.22856485]],[[ 0.54204879]],[[-0.46560841]]
15: 
[[-0.71565422]],[[-0.59496439]],[[ 0.83045719]]
16: 
[[ 0.91792687]],[[ 0.9485768]],[[ 0.93605974]]
17: 
[[ 0.64433453]],[[ 0.51546728]],[[ 0.61975063]]
18: 
[[ 0.89998791]],[[ 0.8994347]],[[ 0.91501837]]
19: 
[[ 0.3087655]],[[ 0.43390028]],[[ 0.40732968]]
20: 
[[ 0.71152524]],[[ 0.7214057]],[[ 0.75909706]]
21: 
[[ 0.81155465]],[[ 0.79449815]],[[ 0.74989641]]
