1: 
0.5414187658443227,0.916703313632915,0.9745014099385303
2: 
0.8104567526189986,0.8611697867030151,0.9371254916046087
3: 
0.8729247338833481,0.4268111632272125,0.8591906918846056
4: 
0.4538793264426384,0.6824851574144174,0.820344668208634
5: 
0.6083388109954303,0.9396699782727663,0.9533985762673791
6: 
0.6387181536627701,0.8661335898962569,0.9502996616857026
7: 
0.6673283872755937,0.9821055590243237,0.9239701487968943
8: 
0.9372316386993962,0.3840714660595558,0.9402838105949677
9: 
0.9241006136629487,0.9262775869998594,0.8190645677331776
10: 
0.9095210440561995,0.948150469579909,0.7746704154485328
11: 
0.944247713945199,0.7454068690972905,0.9260229189386036
12: 
0.8820287019971674,0.11985538392172286,0.9138364563177507
13: 
0.2003785817819875,-0.22669190864316693,0.19885572069060664
14: 
0.6734457375046241,0.7665512313646994,0.7052259021230884
15: 
0.9572169220272433,0.8225578975979085,0.9539018298752875
16: 
0.9028679632668191,0.9629635017398809,0.9183997762549856
17: 
0.863430375816918,0.4662323844292221,0.8412696082629287
18: 
0.83136957521696,0.799163939200013,0.8969349454668587
19: 
0.72752657688189,0.640372809226539,0.7054755936182858
20: 
0.7202510370070377,0.8059210844724213,0.8207790105332828
21: 
0.8054466310934006,0.7909970040105662,0.804948811320363
22: 
0.3162735413903287,0.14690324723749942,-0.1475522798626028
23: 
0.6161655138586468,0.5058510617098928,0.23610730131727614
24: 
0.5011389269622678,0.1546544950053828,0.4043293260464217
25: 
0.7553223242976704,0.8372568287129424,0.5936449382275822
