1: 
[[ 0.98055704]],[[ 0.88227294]],[[ 0.71711746]]
[[ 0.91192769]],[[-0.31947541]],[[-0.88535333]]
2: 
[[-0.94806766]],[[-0.85343249]],[[ 0.23863032]]
[[ 0.77831733]],[[-0.8298996]],[[-0.88951655]]
3: 
[[ 0.87452249]],[[ 0.65307425]],[[ 0.35614437]]
[[ 0.61130128]],[[-0.72931787]],[[-0.86152715]]
4: 
[[ 0.79026383]],[[ 0.38405413]],[[-0.53853612]]
[[ 0.77981762]],[[ 0.55357346]],[[-0.66976518]]
5: 
[[ 0.94564212]],[[ 0.80920723]],[[ 0.62937631]]
[[ 0.63464997]],[[-0.80707638]],[[-0.86382693]]
6: 
[[ 0.95155428]],[[ 0.82994433]],[[ 0.56493934]]
[[ 0.67932486]],[[-0.82760059]],[[-0.92202307]]
7: 
[[-0.98544031]],[[ 0.92387194]],[[ 0.53108044]]
[[-0.88921306]],[[ 0.54073221]],[[-0.85958087]]
8: 
[[ 0.94742751]],[[-0.11036499]],[[ 0.65302371]]
[[-0.96652671]],[[ 0.6435321]],[[-0.12092041]]
9: 
[[ 0.93440927]],[[ 0.51457613]],[[-0.39645241]]
[[ 0.80563316]],[[-0.71090068]],[[-0.57846461]]
10: 
[[ 0.94909266]],[[ 0.47295959]],[[-0.11695959]]
[[ 0.74927518]],[[-0.70958338]],[[ 0.07750712]]
11: 
[[-0.93698875]],[[ 0.58321279]],[[-0.32908633]]
[[-0.95137111]],[[ 0.28413386]],[[-0.45231107]]
12: 
[[ 0.9214086]],[[ 0.37563432]],[[ 0.34851888]]
[[ 0.79918337]],[[ 0.7209806]],[[ 0.10767272]]
1: 
[[ 0.85794338]],[[ 0.50139694]],[[-0.63451631]]
[[ 0.75025815]],[[-0.16829011]],[[-0.62889121]]
2: 
[[-0.94806766]],[[-0.85343249]],[[ 0.23863032]]
[[ 0.77831733]],[[-0.8298996]],[[-0.88951655]]
3: 
[[ 0.87452249]],[[ 0.65307425]],[[ 0.35614437]]
[[ 0.61130128]],[[-0.72931787]],[[-0.86152715]]
4: 
[[ 0.79026383]],[[ 0.38405413]],[[-0.53853612]]
[[ 0.77981762]],[[ 0.55357346]],[[-0.66976518]]
5: 
[[ 0.86491206]],[[-0.52688099]],[[-0.67360064]]
[[-0.55246103]],[[ 0.65316375]],[[-0.75290479]]
6: 
[[ 0.93357041]],[[ 0.7657258]],[[ 0.56520362]]
[[ 0.69733528]],[[-0.80173433]],[[-0.8874302]]
7: 
[[-0.6675602]],[[ 0.09929349]],[[-0.2750664]]
[[-0.45395007]],[[-0.56927111]],[[-0.69154116]]
8: 
[[-0.14252149]],[[ 0.03823636]],[[-0.06514115]]
[[ 0.15274875]],[[ 0.19190826]],[[-0.13620383]]
9: 
[[ 0.89895343]],[[ 0.61390005]],[[-0.52028522]]
[[ 0.92220585]],[[-0.63118985]],[[-0.50256852]]
10: 
[[ 0.94909266]],[[ 0.47295959]],[[-0.11695959]]
[[ 0.74927518]],[[-0.70958338]],[[ 0.07750712]]
11: 
[[-0.82400242]],[[-0.03218111]],[[ 0.4397426]]
[[-0.38041786]],[[ 0.39775031]],[[ 0.3492292]]
12: 
[[-0.19297171]],[[ 0.06601404]],[[ 0.02904267]]
[[ 0.4607673]],[[-0.26838567]],[[ 0.00277296]]
