E:\SensorData\transform\masterlocal-1.csv
0.922956353788,0.068924552372,0.00811909383969
E:\SensorData\transform\slavelocal-1.csv
0.88745001093,0.107234288756,0.00531570031402
E:\SensorData\transform\masterlocal-2.csv
0.895991191365,0.101080507709,0.00292830092639
E:\SensorData\transform\slavelocal-2.csv
0.881985613271,0.114680514019,0.00333387270987
E:\SensorData\transform\masterlocal-3.csv
0.888548118918,0.105712205571,0.00573967551056
E:\SensorData\transform\slavelocal-3.csv
0.888034864468,0.106983177942,0.00498195758965
E:\SensorData\transform\masterlocal-4.csv
0.916703993596,0.075546530934,0.00774947547039
E:\SensorData\transform\slavelocal-4.csv
0.899761819065,0.0958118870659,0.00442629386923
E:\SensorData\transform\masterlocal-5.csv
0.903884791149,0.0918262476095,0.00428896124157
E:\SensorData\transform\slavelocal-5.csv
0.88026931368,0.114280656807,0.00545002951277
E:\SensorData\transform\masterlocal-6.csv
0.874416267921,0.121803479518,0.00378025256068
E:\SensorData\transform\slavelocal-6.csv
0.860531596609,0.137945861553,0.00152254183851
E:\SensorData\transform\masterlocal-7.csv
0.899492586752,0.094172669005,0.00633474424293
E:\SensorData\transform\slavelocal-7.csv
0.941442927655,0.0511152606444,0.00744181170103
E:\SensorData\transform\masterlocal-8.csv
0.965425320415,0.0298617019737,0.00471297761159
E:\SensorData\transform\slavelocal-8.csv
0.988110992769,0.0102136858941,0.00167532133728
E:\SensorData\transform\masterlocal-9.csv
0.947976969438,0.0434304150347,0.00859261552731
E:\SensorData\transform\slavelocal-9.csv
0.971020527076,0.02077061559,0.00820885733378
E:\SensorData\transform\masterlocal-10.csv
0.972736744497,0.0230775297256,0.00418572577693
E:\SensorData\transform\slavelocal-10.csv
0.97616362281,0.0175409962488,0.00629538094088
E:\SensorData\transform\masterlocal-11.csv
0.976901135536,0.0193589118196,0.00373995264435
E:\SensorData\transform\slavelocal-11.csv
0.984058145166,0.0141599298783,0.00178192495571
E:\SensorData\transform\masterlocal-12.csv
0.954639792471,0.0356940907786,0.00966611675036
E:\SensorData\transform\slavelocal-12.csv
0.97571082488,0.0178986892536,0.00639048586601
E:\SensorData\transform\masterlocal-1.csv
0.922956353788,0.068924552372,0.00811909383969
E:\SensorData\transform\slavelocal-1.csv
0.88745001093,0.107234288756,0.00531570031402
E:\SensorData\transform\masterlocal-2.csv
0.895991191365,0.101080507709,0.00292830092639
E:\SensorData\transform\slavelocal-2.csv
0.881985613271,0.114680514019,0.00333387270987
E:\SensorData\transform\masterlocal-3.csv
0.888548118918,0.105712205571,0.00573967551056
E:\SensorData\transform\slavelocal-3.csv
0.888034864468,0.106983177942,0.00498195758965
E:\SensorData\transform\masterlocal-4.csv
0.916703993596,0.075546530934,0.00774947547039
E:\SensorData\transform\slavelocal-4.csv
0.899761819065,0.0958118870659,0.00442629386923
E:\SensorData\transform\masterlocal-5.csv
0.903884791149,0.0918262476095,0.00428896124157
E:\SensorData\transform\slavelocal-5.csv
0.88026931368,0.114280656807,0.00545002951277
E:\SensorData\transform\masterlocal-6.csv
0.874416267921,0.121803479518,0.00378025256068
E:\SensorData\transform\slavelocal-6.csv
0.860531596609,0.137945861553,0.00152254183851
E:\SensorData\transform\masterlocal-7.csv
0.899492586752,0.094172669005,0.00633474424293
E:\SensorData\transform\slavelocal-7.csv
0.941442927655,0.0511152606444,0.00744181170103
E:\SensorData\transform\masterlocal-8.csv
0.965425320415,0.0298617019737,0.00471297761159
E:\SensorData\transform\slavelocal-8.csv
0.988110992769,0.0102136858941,0.00167532133728
E:\SensorData\transform\masterlocal-1.csv
0.922956353788,0.068924552372,0.00811909383969
E:\SensorData\transform\slavelocal-1.csv
0.88745001093,0.107234288756,0.00531570031402
E:\SensorData\transform\masterlocal-2.csv
0.895991191365,0.101080507709,0.00292830092639
E:\SensorData\transform\slavelocal-2.csv
0.881985613271,0.114680514019,0.00333387270987
E:\SensorData\transform\masterlocal-3.csv
0.888548118918,0.105712205571,0.00573967551056
E:\SensorData\transform\slavelocal-3.csv
0.888034864468,0.106983177942,0.00498195758965
E:\SensorData\transform\masterlocal-4.csv
0.916703993596,0.075546530934,0.00774947547039
E:\SensorData\transform\slavelocal-4.csv
0.899761819065,0.0958118870659,0.00442629386923
E:\SensorData\transform\masterlocal-5.csv
0.903884791149,0.0918262476095,0.00428896124157
E:\SensorData\transform\slavelocal-5.csv
0.88026931368,0.114280656807,0.00545002951277
E:\SensorData\transform\masterlocal-6.csv
0.874416267921,0.121803479518,0.00378025256068
E:\SensorData\transform\slavelocal-6.csv
0.860531596609,0.137945861553,0.00152254183851
E:\SensorData\transform\masterlocal-7.csv
0.899492586752,0.094172669005,0.00633474424293
E:\SensorData\transform\slavelocal-7.csv
0.941442927655,0.0511152606444,0.00744181170103
E:\SensorData\transform\masterlocal-8.csv
0.965425320415,0.0298617019737,0.00471297761159
E:\SensorData\transform\slavelocal-8.csv
0.988110992769,0.0102136858941,0.00167532133728
E:\SensorData\transform\masterlocal-9.csv
0.947976969438,0.0434304150347,0.00859261552731
E:\SensorData\transform\slavelocal-9.csv
0.971020527076,0.02077061559,0.00820885733378
E:\SensorData\transform\masterlocal-10.csv
0.972736744497,0.0230775297256,0.00418572577693
E:\SensorData\transform\slavelocal-10.csv
0.97616362281,0.0175409962488,0.00629538094088
E:\SensorData\transform\masterlocal-11.csv
0.976901135536,0.0193589118196,0.00373995264435
E:\SensorData\transform\slavelocal-11.csv
0.984058145166,0.0141599298783,0.00178192495571
E:\SensorData\transform\masterlocal-12.csv
0.954639792471,0.0356940907786,0.00966611675036
E:\SensorData\transform\slavelocal-12.csv
0.97571082488,0.0178986892536,0.00639048586601
